public class Solve{

	public static void main(String[] args) throws java.lang.Exception {
       Scanner sc = new Scanner(System.in);  
       //array of around 600 elements
       int[] arr = {9,8,7,12,23,34,45,56,67,78,89,98,87,76,65,54,43,32,32435,537657,34234,657658,5435,3421,343,325,36,547,4,876,487,987654321,123456789,999999999,657,63,754,61,465,37,356,8,5,876,48,478,5367856,387865845,2,7,5,756,8,68,56,8,56,8,568,67,8568,6,34,567,12,346,978,999,122,111,5,4,3,2,1,0,9,8,7,12,23,34,45,56,67,78,89,98,87,76,65,54,43,32,32435,537657,34234,657658,5435,3421,343,325,36,547,4,876,487,987654321,123456789,999999999,657,63,754,61,465,37,356,8,5,876,48,478,5367856,387865845,2,7,5,756,8,68,56,8,56,8,568,67,8568,6,34,567,12,346,978,999,122,111,5,4,3,2,1,0,9,8,7,12,23,34,45,56,67,78,89,98,87,76,65,54,43,32,32435,537657,34234,657658,5435,3421,343,325,36,547,4,876,487,987654321,123456789,999999999,657,63,754,61,465,37,356,8,5,876,48,478,5367856,387865845,2,7,5,756,8,68,56,8,56,8,568,67,8568,6,34,567,12,346,978,999,122,111,5,4,3,2,1,0,9,8,7,12,23,34,45,56,67,78,89,98,87,76,65,54,43,32,32435,537657,34234,657658,5435,3421,343,325,36,547,4,876,487,987654321,123456789,999999999,657,63,754,61,465,37,356,8,5,876,48,478,5367856,387865845,2,7,5,756,8,68,56,8,56,8,568,67,8568,6,34,567,12,346,978,999,122,111,5,4,3,2,1,0,9,8,7,12,23,34,45,56,67,78,89,98,87,76,65,54,43,32,32435,537657,34234,657658,5435,3421,343,325,36,547,4,876,487,987654321,123456789,999999999,657,63,754,61,465,37,356,8,5,876,48,478,5367856,387865845,2,7,5,756,8,68,56,8,56,8,568,67,8568,6,34,567,12,346,978,999,122,111,5,4,3,2,1,0,9,8,7,12,23,34,45,56,67,78,89,98,87,76,65,54,43,32,32435,537657,34234,657658,5435,3421,343,325,36,547,4,876,487,987654321,123456789,999999999,657,63,754,61,465,37,356,8,5,876,48,478,5367856,387865845,2,7,5,756,8,68,56,8,56,8,568,67,8568,6,34,567,12,346,978,999,122,111,5,4,3,2,1,0,9,8,7,12,23,34,45,56,67,78,89,98,87,76,65,54,43,32,32435,537657,34234,657658,5435,3421,343,325,36,547,4,876,487,987654321,123456789,999999999,657,63,754,61,465,37,356,8,5,876,48,478,5367856,387865845,2,7,5,756,8,68,56,8,56,8,568,67,8568,6,34,567,12,346,978,999,122,111,5,4,3,2,1,0,9,8,7,12,23,34,45,56,67,78,89,98,87,76,65,54,43,32,32435,537657,34234,657658,5435,3421,343,325,36,547,4,876,487,987654321,123456789,999999999,657,63,754,61,465,37,356,8,5,876,48,478,5367856,387865845,2,7,5,756,8,68,56,8,56,8,568,67,8568,6,34,567,12,346,978,999,122,111,5,4,3,2,1,0,23443590,871364529};
       long start = System.currentTimeMillis();
       selectionSort(arr);
       long end = System.currentTimeMillis();
       System.out.println("selection sort time :: "+(end-start)+" ms.");
       for(int i=0;i<arr.length;i++) {
    	   System.out.print(arr[i]+" ");
       }
	}
	
	static void selectionSort(int[] arr) {
		for(int i=0;i<arr.length;i++) {
			int minIndex = i;
			for(int j=i+1;j<arr.length;j++) {
				if(arr[j]<arr[minIndex]) {
					minIndex = j;
				}
			}
			int tmp = arr[minIndex];
			arr[minIndex]=arr[i];
			arr[i]=tmp;
		}
	}
	
}